4.803497806566042749e-01 8.457271839617030995e-02 1.582791392581548440e-01
7.505700789873599454e-01 9.602768588503612923e-01 1.180867297465243437e-01
4.540456413090002696e-01 6.518811389043968063e-01 3.196499251835809297e-01
5.436241723944608140e-01 2.166765625058350020e-01 7.489211345477003734e-01
9.917037749957796633e-01 8.748094613574740608e-01 5.110797332671476179e-01
1.283121428046327672e-01 3.512908794063824836e-01 6.595169171338558511e-01
8.227818201746175397e-01 3.471685223942181375e-01 1.166415704290061361e-01
7.975492090285892788e-01 8.924724771035897897e-01 4.343268954524659442e-02
2.098010141842876486e-01 9.045144510587741493e-01 8.628651422549141747e-01
1.296000759256383805e-01 4.184081261348442382e-01 6.724685835046313453e-01
4.878181833364506614e-01 6.930318902498980860e-01 5.400185675949669140e-01
2.880965664363055456e-02 4.449536114109828855e-01 4.364686701356457199e-01
9.377528844000494468e-01 1.257217421063125951e-01 1.773519372759115864e-01
4.492549975032568144e-01 2.143440184568399243e-01 9.965147899965709488e-01
8.360374920324387116e-02 8.991124674822361662e-01 3.623004703580793295e-01
4.078579810424692864e-01 4.701047378635931917e-01 1.934487946856084939e-01
2.864643416203813686e-01 5.926476515823349001e-01 2.867007200167615011e-02
2.725920033745593551e-01 7.664085619225579071e-01 7.564619158133614185e-01
7.680318894476033664e-01 1.252580312560247489e-02 2.761889527610815742e-01
7.449729925396131325e-01 6.711564241131855457e-01 5.224945377702895355e-01
9.657524337782470436e-01 5.637923386912302437e-02 8.138446836337841495e-01
3.648205394309870231e-01 1.718376952630846777e-01 2.953207667449886387e-03
4.148257119991782815e-03 3.254964206577957153e-01 2.915918865078362954e-01
5.974965563855296757e-01 6.624713814480046592e-01 8.308157736885719569e-01
9.325832838255553314e-01 7.476022445101264680e-01 3.603253612934708139e-01
5.447376501409666449e-01 8.992205583587196127e-01 4.723237252264494979e-01
2.113029355759075134e-01 9.910686717060949169e-01 3.939342068886626524e-01
2.960783065876337883e-02 7.221832933900651508e-01 1.874047213042984161e-01
5.003666439102454344e-01 9.518095555043002420e-01 3.048620023370863796e-01
6.399193088185409772e-01 8.761172015131386548e-01 8.464100937879031061e-01
6.093425127284733955e-01 6.684849437213888912e-01 1.674692921342713081e-01
2.573215071110936947e-01 4.740175348394841670e-01 4.942860684811526406e-01
8.998293310864191596e-02 4.649673695410986296e-01 7.288326882772850901e-01
9.965171887166744957e-01 7.130931620869132015e-01 9.810718567886291819e-01
3.200713237396901611e-01 4.647362870029128068e-01 1.944462147898861071e-01
3.729528068721624789e-01 9.542134569195841465e-01 9.340158478189175550e-01
9.489579290624194918e-02 7.159583425582617400e-01 4.493678451569174115e-01
6.196563680325196666e-01 6.656922006004246661e-01 1.700613451054557856e-01
7.109653792719617948e-01 9.991890375768908150e-02 2.359149668718504289e-01
4.327499062143056463e-01 6.785193255517333322e-01 2.938719854834370704e-01
9.368504881151010766e-01 5.618460514373718739e-01 3.797737578273974179e-01
5.036300492531299300e-01 9.781943096044924957e-01 5.781852692367098756e-01
8.692745197688737102e-01 4.553241943346005849e-01 8.754248407468585569e-01
1.090161209141835563e-01 5.111862571935529287e-01 1.603807453795500493e-01
9.236540354216822291e-01 2.976292903013005864e-01 8.266586558310248245e-01
4.709391929696323809e-01 8.439339440394698633e-01 5.620455262930516005e-01
8.004774423644702708e-01 2.572026078318512265e-01 9.844877722916637319e-01
8.787481820412467171e-01 7.932444353458466546e-01 5.211124024799849153e-01
4.953413597160831738e-01 4.582180643713082979e-01 9.051482365729466295e-01
4.588137272232151176e-02 1.857766328861768512e-01 5.328715396433211238e-01
7.928771455395352552e-01 8.634860561131774137e-01 5.041831513991991143e-01
5.286486838705145574e-01 6.499365909187190260e-01 3.784287572876405825e-01
7.118703429162237528e-01 9.876427741466691224e-01 7.245482733474764014e-01
3.422841957117599421e-01 8.448092746762272398e-01 4.520035015607148932e-01
8.870823389258655212e-01 4.389849331823056922e-01 3.685132082638493678e-01
2.037842018423052792e-02 8.415636987955211756e-01 9.888834670102830682e-01
9.372401988528400452e-02 3.187500917809715784e-01 2.617264360106101861e-01
1.125964159010203192e-01 8.328187862528391161e-02 8.904978834122810882e-01
5.752884391609724979e-02 2.550548904337519573e-01 8.589366574422522271e-01
5.038625999820208756e-01 1.686843808423176272e-01 1.020197141960957898e-01
7.346944916278966842e-01 4.942343298208933255e-01 8.736004710943784390e-01
3.538567217003484311e-01 6.148885169812160489e-01 8.221333664703270871e-01
9.125382441289866531e-01 4.523630730598948713e-01 1.590444816720836263e-01
2.560251838971250304e-02 6.627915988796204694e-01 7.850259976138401763e-01
4.610048305919517420e-01 6.855036217822986222e-01 5.595532942718191016e-01
1.688293707109664865e-01 2.083775240034113629e-02 1.551817387465599385e-01
6.195634918006431846e-02 9.852732439915482532e-01 3.024498760443410372e-01
6.559073927699748952e-01 6.141986246791425463e-01 9.824122933086744114e-01
1.204675536566068850e-02 2.787559793883899184e-01 7.043829076459858785e-01
9.375455374960628419e-01 1.124722207984927280e-01 9.261434903790469741e-01
2.696692332820269655e-01 2.280627054108465002e-01 7.639524399117378906e-01
4.347022226288559388e-01 9.236255347113052627e-01 6.942502954022838901e-01
7.986793492979641362e-01 3.087752735102129442e-01 9.148082949849082324e-01
6.024561024798287256e-01 3.712648481411487955e-01 2.825963134335574001e-01
3.950932040582463278e-01 5.567812831169716148e-02 1.470771448591516872e-01
1.963045046531298743e-01 7.558893256370926572e-01 3.474774887772830168e-01
5.982101816316380827e-01 4.648017106161340672e-01 3.887265287029959548e-01
6.329394292895937912e-01 5.331901624186581312e-01 5.955677427258998513e-03
5.667918573520664971e-01 7.267165438346381290e-01 5.542570571241790534e-01
5.907296372351616975e-01 1.933753766804635621e-02 3.581791481569306379e-01
4.950294158752966966e-01 9.909803797666478786e-01 7.641945146133410915e-01
8.861744343052451178e-01 2.265740341243083211e-02 8.088553509901789118e-01
5.107268834163891658e-01 1.146960433086183784e-01 1.709678878643150490e-03
9.722800981497486950e-01 4.737222311956998944e-01 5.272353145263877217e-01
6.879663814156200541e-02 9.339082203922351999e-01 7.548438735686677781e-01
9.238411039235772115e-01 4.147953445078851331e-01 3.088912847290782304e-01
8.667478734829034970e-01 8.196201158409733845e-01 3.714305918909165394e-01
8.984509786127158337e-01 3.181430987539201061e-01 8.118240611937056483e-01
2.477024519869652774e-01 9.761713170525655459e-01 4.732892836635314016e-01
1.307066147474408302e-01 7.279648840289589806e-01 7.359497028169842414e-01
1.632866135132526875e-01 7.664233446213102319e-01 9.881758784912054727e-01
8.839814963801020387e-01 4.387564988461470916e-01 3.431230746315547808e-01
4.343608812084601700e-01 5.116921881848592868e-01 1.825361477778328911e-01
4.769750615752725853e-01 2.537815317855981467e-01 9.517077300560473629e-01
8.443720047052054589e-01 8.404436500783207808e-02 3.725736025816472896e-01
2.891748717300335336e-02 7.309942203033115149e-02 4.759245334295527652e-01
1.711661756445801430e-01 4.704154711084360674e-01 4.579959314156807348e-01
9.765476011465172856e-01 4.742933936225776081e-01 2.709021932252367870e-01
7.845641503281501894e-01 5.534987822583555817e-01 6.053032775776585606e-01
2.039812746478648631e-01 9.956802671940125915e-01 5.982106916004362729e-01
5.897200667506763416e-01 4.904285289003693649e-01 3.835226785402853222e-01
8.381284736577442329e-01 4.432689293936488140e-01 5.524487973161118504e-01
4.520773727144404841e-01 1.564918720148484876e-01 2.395801586640493586e-01
8.956341394964195679e-02 3.211386246522109911e-01 3.130781500893222713e-01
8.693645316226595865e-01 9.988600941746270667e-01 8.886707003026909080e-01
1.002491650355965547e-01 4.582356583931340710e-01 1.467898913365687230e-01
5.225170840740216427e-01 3.883646894581229692e-01 7.648196146120939121e-01
8.357329478832539182e-01 1.710656722227540394e-01 1.261308149696190872e-01
6.043209500132196155e-01 4.688024954976701686e-01 5.233981328799711674e-01
5.518718508537276968e-01 6.107691024132269053e-01 5.191174048363543791e-01
6.173982871251515459e-01 6.217444666680557175e-01 3.176069767124891641e-01
8.063482111272657349e-01 5.957104602936854620e-01 4.959829782426955491e-01
3.038932537067172701e-01 9.137432529132456516e-01 2.488525193123886092e-01
6.722828724869204242e-01 1.646132715273207481e-02 1.411982083880691796e-01
5.217893742333352680e-01 6.526844479453516312e-01 7.810312581101939156e-01
6.698380529174765563e-01 3.185278664430699624e-01 2.516449648904890424e-01
4.322501539763065059e-01 9.063762984691646762e-01 4.177542564308552864e-01
1.237050050057436623e-01 7.855255263432735502e-01 7.950530085959238713e-01
6.720974518260212083e-01 4.096587363384597280e-01 6.836728189363827646e-01
2.009055173079267176e-01 7.498760313660670640e-01 9.341737066409956380e-01
9.847606552133818525e-01 8.657466710041652469e-01 9.229490364403356573e-01
8.582641473390738573e-01 6.355021383942921487e-01 5.457248256798133967e-01
6.836819922849518560e-01 6.142628756338908147e-01 3.306634526078349179e-01
7.442180501249184843e-02 1.131155638073120251e-01 5.631907417691770501e-01
7.760658585354347494e-01 7.943467636838394963e-01 1.170863439170086728e-01
9.253755430719349251e-01 1.652405761764796921e-01 2.750652778779105745e-01
3.340068118611650982e-01 9.766494620174298591e-01 2.159405027711117642e-01
4.254134059726167871e-01 3.757900194399391713e-01 6.615747933912952128e-03
8.498184651188775973e-01 9.607980947452645637e-01 5.163289357043117089e-01
9.851429712364022651e-01 1.069208259324047061e-01 8.202832003690002649e-01
5.097507999677433066e-01 3.726103783261629498e-01 1.334488375438608321e-01
1.976464361150407356e-01 4.696851393831741328e-01 3.263882011905716585e-02
2.803707587999075823e-01 4.824037824272779940e-01 2.623912361402692683e-01
5.655849187165042924e-01 6.397711704180174541e-01 9.594046411617070946e-01
3.722071079388357129e-01 4.137204380430828943e-01 1.977630125500249303e-01
1.211042088954051854e-01 1.717540246275508498e-01 1.334017897280835863e-01
6.647456545973866593e-01 6.652839918745917513e-01 3.375776423329818199e-01
1.973476637726905292e-01 7.648092730498479153e-01 7.242473151997449454e-01
5.960031534902041628e-01 7.578132295257120621e-01 3.168083729878912180e-02
6.873558140447867393e-01 9.664754051931688794e-01 7.423251292584290839e-01
3.345586498465247249e-02 3.585453077791356247e-01 6.364542421966732366e-01
9.819512471051631275e-01 3.446991178200391470e-01 2.917952366730880431e-02
8.588988257018729255e-01 9.146291733602477381e-01 1.113767386905005763e-01
9.371509760339570283e-01 8.518948362836655797e-01 4.307993171730004622e-01
1.703940566535230294e-01 3.582616680547022758e-01 1.648482182250115002e-01
5.078491502474816732e-01 2.553150637377470389e-01 9.798084970076214040e-01
3.128457974908089856e-01 6.042282443005635439e-01 8.549291041214269748e-01
7.283827691231965495e-01 7.938582646415208721e-01 5.789035742670519680e-01
5.088472002567276942e-01 5.407226153902791044e-01 8.956170996057979394e-01
1.722592318133490119e-01 5.253308188973313531e-01 9.351714481245517741e-01
7.232933353947568200e-01 7.124084592496503499e-01 2.903776958563963895e-02
5.847597264674145867e-01 8.074656760564223879e-01 5.798413496331676908e-01
1.461711924284314623e-01 7.990589943206769519e-01 5.481261229396362511e-01
1.848706318357670186e-01 1.520690708257644852e-01 6.211850236328320118e-02
4.418555311728765700e-01 3.694711041787638317e-01 6.849836327485284704e-01
7.732915753576368179e-01 1.838636418636547809e-01 3.434007601552376832e-01
4.439878619931375558e-01 6.629144072352428640e-01 8.371229077684479991e-01
1.813975787056368860e-01 7.675507367065782516e-01 3.265098441864123791e-01
9.069966059699309247e-01 5.431012384580196084e-01 5.403451299064276903e-01
3.177115740836422564e-01 3.651045484234699545e-01 3.475608072629203793e-01
1.586959910335759005e-01 7.517533745938413947e-01 3.761315002320269052e-01
9.365949896157967913e-01 5.802130923561623632e-01 5.606221800618853557e-01
1.226945463745461318e-01 9.043114176023726580e-01 4.339152919060018654e-02
2.331653426175224197e-01 8.265962629693307528e-01 4.974913915542106269e-01
5.268721281309766136e-01 1.160790676671045185e-01 1.330360335670123240e-01
9.403054520015914353e-01 9.340196891916299204e-01 4.326133284792791356e-01
9.313644551325384047e-01 5.200371643817127687e-01 8.126624510125549650e-01
5.817238186524409382e-01 4.203231752889519113e-01 4.955467962043845764e-01
6.436501996614144572e-01 4.411849228760456043e-01 7.190121952676300499e-01
7.027734225401212065e-01 3.533008299196155333e-01 7.146100020506241934e-01
7.740964403081871392e-01 2.996613217443211408e-02 6.990391471746663088e-01
3.235583598613200884e-03 7.248809950185023387e-01 7.686318551257950160e-01
7.663133738030925013e-01 2.691116403616696795e-01 5.771700083382069746e-01
8.109521202658388495e-01 7.396040453755262645e-01 7.479307206251608608e-01
6.632122103059552298e-01 8.768110786658290801e-01 1.917161829739806311e-01
1.840126980948164626e-02 4.195992565653288153e-01 6.374703189798369696e-02
3.445342281142056429e-01 8.947446175155038262e-01 9.672434496224006084e-01
3.518595733305323048e-01 3.335039125861919418e-01 9.255847501598841731e-01
7.400387413780507018e-02 4.623099068420620794e-01 7.953362055013992737e-01
4.292915711718175986e-01 8.244823809423321714e-01 7.440369098620116528e-01
8.612773833602022089e-01 6.911747015036832087e-01 5.270811615669722672e-01
9.975161969362554837e-01 5.287905914133997909e-01 3.310782769124234193e-01
2.328682622486549780e-01 1.074305233333883169e-01 5.372763103588361622e-01
2.386809053116223378e-02 7.298873745645947375e-01 8.759258836618417643e-01
2.986537414028548332e-01 9.420346260881872213e-01 9.217395571184916481e-01
7.069176168794667481e-01 4.492003494223061333e-01 8.728521980401462432e-01
1.978621652276704168e-01 5.161005071894010365e-01 7.661501581138888683e-01
6.710957339191203630e-02 5.311930255614090157e-01 4.996717445059631890e-01
6.872724056814980553e-01 1.105605760903203283e-01 4.636135727027426157e-01
1.480756379699630365e-01 1.775871303825369285e-01 5.684359932130628179e-01
6.061633584287315912e-01 7.189735159837612466e-01 4.567012900246757434e-01
7.131539981331358469e-01 3.754144606052921551e-01 5.782164796224703585e-01
4.473622914569985731e-03 3.412415129632472288e-01 8.482939976936620941e-01
8.802524889971957700e-01 4.689227126382931043e-01 9.546140718620510501e-02
7.671493911026894263e-01 7.421735662319822735e-01 8.593340887934625139e-01
3.182367043616655122e-01 1.765174925168987441e-01 4.564791860256689482e-01
4.360572239347331180e-01 1.091530495865766781e-02 4.489293008473888014e-01
6.641304172524369331e-01 8.975725487262187219e-01 1.107656701390941079e-01
7.193510832786875753e-02 4.412252791964200727e-01 2.169082674635409713e-01
4.378507332643915007e-01 9.065171465169830078e-03 2.922449637101265374e-02
5.871594808878720650e-01 3.648517559817782141e-01 9.402920998445396528e-02
6.068738528631880680e-01 6.954796063264572226e-01 8.362773951041255760e-01
4.174308492180479613e-01 6.690010367787700973e-01 3.917945105072250245e-01
7.113775776633590731e-01 2.631102170304260301e-01 8.435879289883935206e-01
2.163158752743746804e-01 4.350079831488943283e-01 9.692891765486691957e-01
6.917418120810523430e-01 3.929221218165994678e-01 6.867430817684080369e-01
4.891999571817542414e-01 9.746032890530476056e-02 3.820334674946275211e-01
3.079804417724185672e-01 1.863075099244154709e-01 6.913872253455917161e-01
3.858859618462184837e-01 5.943467014371975887e-01 8.572341661218366715e-01
7.321072757971353040e-01 4.448134473992815252e-01 7.641418629020801934e-02
1.042000105685281230e-02 9.425746798720732178e-01 7.684359445353949880e-01
8.741973598534229506e-01 4.990926402733475431e-01 8.607921491147240145e-01
6.461705763744917119e-01 8.156592032776239787e-01 1.957694891549716099e-01
7.338190631303900258e-01 8.073770968153956007e-01 4.817199182040126093e-01
6.108033903246323781e-01 5.905166783014413889e-01 7.248547990572459243e-01
6.568209069273602818e-01 5.480817172011631655e-02 3.822997786445134771e-01
6.849557037787515901e-01 3.970408901620018360e-01 5.870464684754768125e-01
4.830081041757305904e-03 1.245106006958188738e-01 2.850571758923066135e-01
4.043375345273596544e-01 8.792295639744442948e-01 6.541435876077950073e-01
1.621845028826444102e-01 4.396520577477358582e-01 4.258505653567955518e-01
8.964764657106980561e-01 2.940761330658695494e-01 5.921935275916349051e-01
5.874091571700573722e-01 3.286326177964449258e-02 9.627121261154735210e-01
3.907067409708209205e-01 1.668156596485639298e-01 7.800501544076536842e-01
4.738521117200567012e-01 1.157194907379570648e-01 8.103554394816648854e-01
8.241265683553529175e-01 6.266221329240539983e-01 5.334571337508056121e-01
3.895947539463896492e-01 4.887928125139514579e-01 4.116797714790023655e-01
9.655242271054553793e-01 5.006664959361071254e-01 2.153476499564964675e-01
5.116754407529665594e-01 6.031219461186250186e-01 3.668978253375542176e-01
5.286234109100748091e-01 3.434233233822858722e-01 2.618756271664496316e-01
4.406823103505230765e-02 4.427231675253631149e-01 2.438280047699433739e-01
8.770931821031205944e-01 6.916488000378633316e-01 6.091084224894282029e-01
3.222166052568459227e-01 2.240350606852450355e-01 4.815217413899224308e-01
1.512340211897520437e-01 3.213159384661319340e-01 2.932149219675986851e-01
1.077857825823320681e-01 1.959563797413166331e-02 8.498241849128584935e-01
5.339450797601371645e-01 2.768049029732777555e-02 4.279219254947038698e-01
3.983147549303809321e-01 5.566896934623957183e-01 1.415640461649279036e-01
5.240946960362022899e-01 3.266899995126835154e-01 6.447425402791117088e-01
1.154477563182618738e-01 6.085471789903073025e-01 8.043626577628436580e-01
3.178057814496529909e-01 1.977526492312382533e-01 8.224752094335496810e-01
4.324106789897416148e-01 2.778166402314518058e-01 5.418591564611466849e-01
7.466337916439496070e-01 5.544276437518463885e-01 1.189924297126108144e-01
1.685296830901827914e-01 7.152663024013236059e-01 9.844009042052334069e-01
8.962599797414994018e-01 2.280990571289498448e-02 8.602850072805815485e-01
6.302362994337658009e-01 4.652419394753970483e-01 3.704905830848712611e-01
7.826877599304349342e-02 4.136995783014246753e-01 7.449112311757766225e-01
6.361274609372833400e-01 8.470191142909191395e-01 6.418933439539800112e-01
2.367219320594909915e-01 4.429203306156370701e-02 6.165898044701686453e-01
9.771695015203939461e-01 5.031522738683360529e-01 6.652758878999472936e-01
5.361315806927019478e-01 9.743439563933083969e-01 1.389086469896071430e-01
9.482030825259102347e-02 9.567799978104034597e-01 9.913592695152990686e-01
4.969992864629225737e-01 8.892874895502119736e-01 6.147783631693716222e-01
7.786780809304970630e-01 1.890499064264681284e-01 4.889416391942154050e-01
5.918797929204291375e-01 3.822491354150567844e-01 6.139571416982053664e-01
2.264291927765885726e-01 1.856178995771995410e-02 2.272948551482565360e-01
1.292058851335118330e-01 1.943753176300522245e-02 8.744830564414012297e-01
2.689802813017989624e-01 3.838144217804012603e-01 1.089891542168407446e-01
4.330256037461882590e-01 7.065144017435994739e-01 6.717307888853085718e-01
4.977335351939216057e-02 3.423314926923208823e-01 7.308089453746814401e-01
8.593973550876937706e-01 9.457276915223865599e-01 8.231813925336117777e-02
7.891447660578881917e-01 1.023166396120824828e-01 3.222287404146383372e-01
3.763211991043559079e-01 3.427332245901877350e-01 1.546868829703771375e-01
7.955725219613598576e-01 1.612648048635949571e-01 6.884094536359005589e-01
3.779832636381319499e-01 9.101199049533458263e-01 1.549473824298780444e-01
7.161011234393440672e-01 8.790021906529654760e-02 7.884638675397650509e-01
6.257387415904391847e-01 3.310483096109562151e-02 7.332749531090498873e-02
6.009067866049475626e-01 3.925253533854330401e-01 4.307015101313490524e-01
4.228608909910701597e-01 1.880588769643984914e-01 6.907173463220177556e-01
5.477622661650862756e-01 6.029022841236149066e-01 3.286376677741409402e-02
3.808801096818551501e-01 3.569897346669411720e-01 8.682542014718784840e-01
6.792400618883416286e-01 5.384556020558095568e-03 6.386242380891701265e-01
6.537976174073918401e-01 7.690359617696469474e-01 5.217624938555306402e-01
8.692856884698525466e-01 9.165751244849037471e-01 9.075319337505135531e-01
5.169095944880157667e-01 2.469518898700582277e-01 7.593714366074764133e-01
1.185122222134344927e-01 9.510038854820733745e-01 6.519007220348761455e-01
7.826151050750810301e-01 8.140029691758392527e-01 9.474941544871365862e-01
1.037489637742766702e-01 7.096653711832271449e-01 7.518990728469687745e-02
2.451521463625784270e-01 5.547087939554122826e-01 1.680689872668501561e-01
6.474957541132758676e-01 8.981779963706119085e-01 1.403686404224068207e-01
6.689398535483416230e-01 4.984543946341997156e-01 5.092808783743494327e-01
3.857742042277526595e-01 8.646226793978509795e-01 2.210916490074933405e-01
2.724648767622342982e-01 6.529829357336074391e-01 4.485468210539714784e-01
2.587595844109205068e-01 8.856467063447935884e-01 2.467094204839979099e-01
2.594303112729344774e-01 3.000042742739420509e-01 4.223714175163008067e-01
7.697543488326897831e-01 4.428045852729086684e-01 5.589372631559482718e-01
6.853260467861040928e-01 6.113595708442323140e-01 5.142655613835867001e-01
8.329717109884050563e-01 3.917574898409276196e-01 8.297051470675786966e-01
5.911182198434942192e-01 7.718063357188145179e-01 3.259636395370834050e-01
6.892533378654237541e-01 9.077032995146843142e-01 5.028338405304968450e-01
1.187911864170815290e-01 2.517151113499727089e-01 4.997091979636991699e-02
3.034867714694318153e-01 1.067830193884204970e-01 1.127223900251521638e-01
1.249245985491596045e-01 6.848570248790650794e-01 4.464507176294985058e-03
4.109194207649988773e-01 7.659364740707456098e-01 5.492892758451238810e-01
3.386884506695149177e-01 5.530224896175803817e-01 4.621304340919935028e-01
9.777608482864318384e-01 1.127212585534397293e-01 2.608403564787939999e-01
8.840651691655071476e-01 2.265898453293661019e-01 8.985465155634402290e-01
4.419321138529770376e-01 4.544323451077832976e-01 9.759132022789055450e-01
1.378405362369565790e-01 8.571796574330264873e-01 4.108646597781140386e-02
3.174571374358373665e-01 4.359661036761867114e-01 2.717904633402310477e-01
9.663437286668203896e-01 9.095656605544858442e-01 4.754323912888935855e-01
4.045947415676434122e-01 1.874616505447692649e-01 3.001643906463339340e-01
1.975051614247058662e-01 5.257015068887914699e-01 2.104681902039886587e-01
2.477798009458098694e-01 3.434683703031099489e-01 8.365498847794453630e-01
4.315549793075200702e-01 2.740356957909164670e-01 4.975985826288576996e-01
8.850603917874982907e-01 5.990686901215991345e-02 1.723342604560231806e-01
6.493789362508068930e-01 1.226781744510552219e-01 8.160929882375619338e-01
7.045972363549607431e-01 9.254612272664743955e-01 2.875560323397632345e-01
5.246306796662180139e-01 3.370175667822861154e-02 6.820638276449442206e-01
8.821493794781963826e-01 2.339990125998128168e-01 9.868332077110364420e-01
7.170886132164915328e-01 8.890560056869581951e-01 3.385259984021316004e-01
9.811953022000627911e-01 7.007912834536900171e-02 5.893370848888165314e-01
1.068032994498639976e-01 3.854073933533039842e-01 6.487232074408015858e-01
5.402592617311996470e-01 7.791839701834242238e-01 2.536585713406595000e-01
3.527365925486870557e-01 4.172137887151265989e-01 1.501739593709954246e-01
3.883589891413824491e-01 6.271435136630774121e-01 6.126416381926036436e-02
8.518252781154465048e-01 4.305278634342775135e-01 7.524712994099976848e-01
3.305872169397952032e-01 5.040174257347840303e-02 9.638814024373831835e-03
6.023290670001379965e-01 1.761788238706678555e-01 3.682001464192308227e-01
1.835765927138155451e-02 9.491548440548545074e-01 8.132542742689484738e-01
1.316448291303476958e-01 3.460304524241391011e-01 2.147859408577691420e-01
2.935417566585335480e-01 4.331531055272557218e-01 6.762575816050426791e-01
6.589891116140540461e-01 9.311813290338670779e-01 9.507726025552742932e-02
8.049895564878080112e-01 7.498008774925795095e-01 3.572040156420517309e-01
2.442702384536900029e-01 6.466742781573771026e-01 6.086573273208588652e-01
4.124742516847675899e-01 2.463124587563492174e-01 9.331560738772655128e-01
5.806355516700256736e-01 5.843677234317818936e-01 7.921845911383041949e-01
2.043224427477734473e-01 4.751457230576654478e-01 6.826733383056171611e-02
4.262948477073215114e-01 5.259300950297544075e-01 8.118405520542552045e-01
9.622310441791852575e-01 2.106628391797105149e-02 1.301734283851674334e-01
5.425343425391874197e-01 1.844512861842196871e-01 4.715166765117347891e-01
8.701783640454076041e-01 5.107307248413248679e-01 9.003969556885670356e-01
9.519941393246422745e-01 6.312860121842867045e-02 6.064995886435241568e-01
9.404456462384662707e-01 4.102310774590538500e-01 1.076662582252156941e-01
5.582640314441282836e-01 7.076160893436419519e-01 1.816819755373779710e-01
8.339805360297412040e-01 1.780981655577437150e-01 8.436887176844288794e-01
6.354307287575382546e-01 6.169824373654035909e-01 5.206538390499373392e-01
3.072740058012471964e-01 5.386103017687772221e-01 5.455750672261765466e-01
3.748879970033104359e-01 4.626976565812151998e-01 7.225942446846349565e-01
9.388595223334473827e-01 9.972956116905811186e-01 6.982726286518408099e-01
5.990840882314634186e-01 9.342306486175530056e-01 3.985922222500201118e-01
7.719321081170625876e-01 3.276438673046344618e-01 8.899485500196403498e-01
4.810251591484300260e-01 9.159002492662141615e-01 7.293144733580878558e-01
7.111736712167143759e-01 6.566841475025503305e-01 6.877940252590790671e-01
7.420085812419485727e-02 8.455031650510600461e-01 8.420029190563598220e-01
7.596605276487957692e-01 7.096869033828149265e-01 3.468075357228317390e-01
7.643029658978952590e-01 1.888927994944680222e-01 7.607938805274483407e-01
6.672966426762453329e-01 3.864253158961588053e-01 3.706832747740691492e-01
4.762869354423424628e-01 3.821800132171337960e-01 8.281972863477325975e-01
7.501603831398103717e-01 5.616956812204326743e-01 3.584891588859245859e-01
1.732987508533498922e-01 5.627448516742429296e-01 2.678620806689777645e-01
1.206792234072115999e-01 6.087784434006784373e-01 3.126789728069852004e-01
5.746109340884214545e-01 9.679549428759840479e-01 9.794523274786253175e-01
5.068402677450408733e-01 2.735641689582209990e-01 7.355995545346658560e-01
4.626787707516329951e-01 8.065409045954202716e-01 8.552518424109600836e-01
2.800273865652505023e-01 4.078454195568117502e-01 8.164204488488968625e-02
3.026316887172565417e-01 5.071546734614251761e-02 9.966085541156965988e-01
3.611042676604462320e-01 2.908740601090775701e-01 3.819304621451762305e-01
9.409379773270790670e-01 6.945581139238807822e-01 7.570679371506677802e-01
7.595360752108017977e-01 6.186516124351152390e-01 6.110573106740202487e-02
3.622361011596428870e-01 9.181960023294233331e-01 1.786741684219005366e-01
4.069434957498730965e-01 2.016671301451871123e-01 4.716908691622836436e-01
4.791742179378579714e-01 9.449704821765025908e-01 8.141562592851703251e-01
7.432692310446904482e-01 8.539724870706505433e-01 3.170731762147520616e-01
3.968241644123501333e-01 2.042236579263640994e-01 8.221510002168518350e-01
3.014736867651611751e-01 7.777853040193688505e-01 3.021855953817234042e-01
3.384374292454837008e-01 3.758561219896098260e-01 4.341248530112429282e-01
2.410684884506442138e-01 7.572284497096370970e-02 6.877789202197306384e-01
6.140859873043850170e-01 8.209151389044011538e-01 3.477634079098734787e-03
7.936728404258710512e-01 1.015613270407367263e-01 9.818289872198147084e-01
1.887006733328681074e-01 4.283476150940458416e-01 6.361506844629383206e-02
9.242638125488041867e-01 3.210228897152859195e-01 6.579085617877982184e-01
7.637348076463288393e-01 2.041726673124050206e-01 2.290363290599373158e-01
3.157278282177785611e-01 4.098310414129803236e-01 6.569962237365751800e-01
1.520658170091828687e-01 2.707296931321367950e-01 7.660194469362546776e-02
9.938230864957243726e-01 9.335060127307929223e-01 7.177133062998608537e-03
2.448984299621830285e-01 7.885651415398815534e-01 4.820136211697987338e-01
3.444516342050801816e-01 7.878187016068034509e-01 7.356846649409531924e-02
4.459833327519696633e-01 5.571765372147829964e-01 4.300847042831118516e-01
3.841348536487620979e-02 2.857573154976551510e-01 9.277120162480374521e-01
9.941324979512463633e-01 5.728101563702443499e-01 7.641271119647469190e-01
4.254947342697024126e-01 5.250269229729993548e-01 6.923089208456221222e-01
1.729194590225990869e-01 1.132126363870918917e-01 5.792618780779293930e-01
3.710519217039615070e-01 8.774374710320506088e-01 1.128968371612351085e-01
6.166480437330857933e-01 5.130525245291444048e-01 5.344105808547431335e-01
5.001682897040861109e-01 2.138325701269438994e-02 5.494348476714238094e-01
9.048900109960090754e-01 8.682714612898135842e-01 2.791663361774695540e-01
1.100132154276022289e-01 1.576725397151012009e-01 9.420766755746066146e-01
1.990689404930259254e-01 2.240661307090330290e-03 9.673253205543057565e-01
8.394104830503690273e-02 7.443492113901762908e-01 2.911535650243427531e-01
7.628483261061006493e-01 8.618742019918945729e-02 9.703567489541577995e-01
2.695490808253923065e-01 7.326099492062028151e-01 4.937440965821418004e-01
6.914802921254672441e-01 8.075768548214892206e-01 3.335437021079642461e-01
6.030117777079443409e-01 5.825831392863854985e-01 9.700175762019652703e-01
6.836914810895349248e-01 3.297769925850779771e-01 1.653589542223540265e-01
5.279684679786482704e-01 8.813547746413830097e-02 3.084631075127357569e-01
5.713936085350488359e-01 6.483694131084656309e-01 1.593211962481787536e-01
6.719120276671978198e-01 2.723900542292617688e-01 2.227506974595954148e-01
9.122783014934784385e-01 7.644443437643608785e-01 6.094642319283350984e-01
1.965692213123715337e-01 3.770929024561862075e-01 9.008248452289607799e-01
3.506795463214740227e-01 1.711353154159617196e-01 2.768460179064425875e-01
3.340036117491537171e-01 8.880040815635051876e-01 4.735890661095885079e-01
6.695580601955275490e-01 6.887547496172362615e-01 7.263081374426190173e-01
7.269458620618586275e-01 5.402539415243737819e-01 2.144413290728497401e-02
3.988141852531830178e-01 7.086019791719067040e-02 3.786966269219008696e-01
9.899205350692037442e-01 3.946571276509476256e-01 4.695545921495483110e-01
9.807782635872031030e-01 3.367587189512827317e-01 1.580835303602753372e-01
4.951096286898905019e-01 7.798220693698892925e-01 4.838879637179179793e-01
1.903477065816122638e-01 1.988594968366952376e-01 7.305852325217251364e-01
5.482075708082245757e-02 5.403250361535748558e-01 7.147169911742878856e-01
2.653889734143211054e-02 8.054013226517855450e-01 2.861493485010904170e-01
5.233618917117769387e-01 8.438437570377982366e-01 8.851313086329759550e-01
4.408700755591044018e-02 6.044986429725143218e-01 1.329560500257309652e-01
3.816796715551840080e-02 2.906364327917518864e-01 7.355171218714989800e-01
2.790205128144584990e-01 3.575147589897640366e-01 9.341142118747913781e-02
6.214552504905088703e-01 5.524465299100822513e-01 8.735698846399398976e-01
8.767835779898746074e-01 9.511183511307617078e-01 8.973452995780170083e-01
4.685598260910833757e-01 5.056630149925833706e-02 9.469572637061617337e-01
1.417282195958784463e-01 1.751639562572175901e-01 1.992454289875023044e-02
2.458192481627647918e-01 8.246943947094750316e-01 9.526033420209799596e-01
4.520441591806141357e-01 7.231216573206616927e-01 9.611937951459822438e-01
9.422484319758628324e-01 7.377963189068122984e-01 1.369772787602715480e-01
4.607584104398807501e-01 1.017073896531404120e-01 9.539188300578911317e-01
8.671490931779824995e-01 5.103811726035542007e-01 1.923226838408500505e-01
4.809881831387433637e-01 1.714517638736469118e-01 6.583657720833258065e-02
4.519998273861293159e-01 8.965074290414974945e-01 7.123906685517236159e-01
5.187390796845360308e-01 5.445828213302525977e-01 9.692968721392115627e-01
7.534451313740425649e-01 8.331778550449265852e-01 4.502050923062561605e-01
5.915628951952321968e-01 6.936434561001341148e-01 4.332242546544625705e-01
6.744522757774720212e-01 7.936626088680183155e-01 9.823477180077576643e-01
4.798769005882218552e-01 1.731263231465405283e-01 9.051167718633157389e-02
5.141773175088570902e-02 6.813859179278000111e-01 1.710755390113007923e-01
9.712074145932394487e-01 1.561283876051029473e-01 1.842681299958126573e-02
8.016686301469557741e-01 3.955480489148078815e-01 4.231231649478751633e-01
2.802566431442645722e-01 2.420227108769462676e-01 2.924158357090891336e-01
1.981992990168309765e-01 2.869201780471578589e-01 7.428111543220797808e-01
1.507716012982939224e-01 9.687534141355362838e-01 8.097054001127225176e-01
7.667817840753167191e-01 1.370077948733323669e-01 9.234681254701339048e-01
2.661400977143062452e-01 9.188098244527544978e-01 3.998530037266256887e-01
4.481584962701115060e-01 6.806855785097108980e-01 6.663321092796897771e-01
2.228424156019691571e-01 7.857371192112279079e-01 4.064412405585250410e-01
8.321984101766616293e-01 3.857871644240207232e-02 8.367491118492011992e-01
7.166341389621417868e-01 7.014835200687663530e-01 7.425372210048870603e-01
1.136781970440359224e-02 7.077827463346441084e-01 7.288525907442678919e-01
9.385896217257669871e-01 8.421717480789737698e-01 3.771355215291191110e-01
8.888290542114350989e-01 9.865687385134158660e-01 8.095022081289799942e-01
2.753384627622496028e-01 8.315371154504569429e-01 3.872877100495302205e-01
7.544606975701436680e-01 4.738566087648955483e-01 4.504177840083805062e-01
3.731237406964494907e-01 9.914094548710994381e-01 1.659561528662623076e-01
9.393446860949059563e-01 2.038514100895302272e-01 5.691484944136009361e-01
2.498049842024151479e-01 8.920300881379268354e-01 2.656930036773957893e-01
7.644787378855742999e-01 4.649182325766366697e-01 1.637559784006632491e-01
8.789756957038138419e-01 6.433773542010097213e-01 5.709848725632861166e-01
7.784765064021107461e-01 7.934660008177745194e-01 7.352643629194554054e-01
7.784657873574163389e-01 4.856074146321254226e-02 9.549500690925335489e-01
8.254559577713848073e-01 9.426891859473969237e-01 1.870181146989748910e-01
6.604858503395144576e-01 2.556461883978263794e-01 8.224897519889857733e-01
4.581592769382135666e-01 7.489814846195931297e-01 7.832561328938528744e-01
4.605379001822329510e-02 9.378010340541440559e-01 4.896712730347949627e-01
5.175273910623001683e-02 2.971675397334936353e-01 7.246703330827204415e-01
2.578751791962721196e-01 8.487728839684516302e-01 9.890202333300301962e-02
1.068412217708558654e-01 1.723314734985728069e-01 9.783751294508237217e-01
8.990560372796754240e-01 3.236410105861351472e-01 8.440733653444705276e-01
4.532763448954102437e-01 1.894176621509643388e-01 5.087912559157529158e-01
2.355188678709883021e-01 9.036685232431451720e-02 8.581045340285160528e-01
7.774026089960461849e-01 3.735573336510161768e-01 6.902371376063052288e-01
3.035274779209584661e-02 8.862332269780908156e-01 6.844899435051234882e-01
4.491919819443334072e-01 2.234309485793857242e-01 3.608243998524470753e-01
3.924362414971412916e-01 2.206785440725108627e-01 2.730385512006913151e-01
3.999063883223437088e-01 4.167909317948514936e-01 8.390396240372184344e-01
8.916847370456102428e-01 1.626976938271755824e-01 4.910652585830312944e-01
1.088555980473091545e-01 2.055017493321764643e-01 8.173809141608660012e-01
7.878207613665144660e-02 9.788755262663234591e-01 4.861567700253519586e-01
8.588627584620744937e-02 9.657351331043864118e-01 7.405016337997810671e-01
9.061533283392253502e-02 2.126733187489150412e-01 8.594662961712027371e-01
2.674457778371529537e-01 8.429287715697216798e-01 4.701199211252115040e-01
8.806421477541248599e-02 7.667563359070260764e-01 1.558084576701106450e-01
2.103066091485213951e-01 6.658628664593581048e-01 6.476010120677453408e-01
9.598967506541331574e-01 3.963564253332807485e-02 2.746819623056114823e-01
5.723650927868406679e-02 6.728298539529988798e-01 6.243939281276507103e-01
9.920373683148329125e-01 1.488656134022816602e-01 4.384530306221743334e-01
2.470792335595196620e-01 6.517576207797145527e-01 2.352659267852986735e-01
2.841728147234547919e-01 3.118701865706623444e-01 4.188643691208446818e-01
4.432859045062496062e-01 3.253962551335173314e-01 8.525675685482206889e-01
5.334680454893685475e-01 7.939385644082352922e-01 9.439026311326237373e-02
9.018420588289531858e-01 9.894724017465410526e-01 4.973122813089537742e-01
8.716029331530342761e-01 4.034519711422391852e-01 1.209927493585131186e-01
8.636448550860275075e-01 3.661090186782223199e-02 3.945730634340662846e-01
2.942797736038752499e-01 4.655337827008821927e-01 5.608227599360811055e-01
8.866711421227690959e-01 7.459418591978189683e-01 8.805165472382714409e-01
5.099569826958122443e-01 8.929912449257636498e-01 6.079632291709125003e-02
3.799851402165994596e-01 8.495188103679669478e-01 1.918225455789842604e-01
4.986583206851997740e-01 3.365399300262140736e-01 6.069556394987751791e-02
5.916773739785419206e-02 9.570798790182381000e-01 6.351553102506364290e-01
4.286922009317153393e-01 1.568982711427308052e-01 3.328615546680235848e-02
9.221783761048315542e-01 7.959548699821372697e-01 6.214202925031098168e-02
2.870555867826644070e-01 7.553228529943486480e-01 2.736085824044209858e-01
2.826235986601765005e-01 6.517598205288449575e-01 2.165689205220329150e-01
7.979101488478935744e-01 4.018174302269567066e-01 1.130502738841726584e-01
7.687164557300842915e-01 9.932770419518290872e-01 5.759644653656275093e-01
4.902096392455432827e-01 3.821269054369258455e-01 4.139032247640845874e-01
8.932967898082039282e-01 2.433945502622295587e-01 4.435341020465261019e-01
9.845160590711712345e-01 4.314528130494497127e-01 1.442109059371055046e-02
4.411219655051432653e-01 8.893436304443482765e-01 8.645375676790190145e-02
8.079630329338483019e-02 2.386717190885484507e-01 7.381282544376114307e-01
9.827240869683554481e-01 8.216534472761037877e-01 1.491738779580689123e-01
4.701776517988428550e-01 4.364967212145047792e-01 7.998150785827339293e-01
5.584085007841087522e-01 6.564734475259985658e-01 7.494934748792791979e-01
1.219452139281104186e-01 8.679748127127491220e-01 5.202945310316030580e-01
2.423422753695337883e-01 5.860994960072186677e-01 4.576159394851055939e-01
7.075653872588558713e-01 7.894991334471768152e-02 1.403463652807980244e-01
3.602405811839455296e-01 5.375113198927117253e-02 1.856556110476570431e-02
4.151613590033867984e-01 8.504141370172245695e-01 8.256766196154780024e-01
9.253285967279508695e-01 1.093523516284471420e-01 1.852148044098039792e-01
